(辽宁,698879,8 936203,8 655904,7 783997,7 886674,6 823766,5 713695,5 770668,5 107407,5 514725,5 )
(天津市,1059899,8 783997,7 317073,6 191499,6 1100222,6 3001,5 493761,5 864005,5 823766,5 698879,5 )
(内蒙古,191499,8 353560,8 770668,6 1039919,6 1059899,5 226595,5 713695,5 358797,5 878372,4 698879,4 )
(浙江,1059899,9 191499,8 107407,8 349999,7 783997,5 514725,5 48664,5 81360,5 221663,5 213297,5 )
(青海,353560,8 944554,7 191499,6 221663,6 81360,6 800025,6 713695,5 1025501,5 317073,5 454937,5 )
(香港,936203,8 107407,6 110347,6 926069,5 713695,5 191499,5 89953,5 276750,5 1059899,5 825218,4 )
(福建,783997,10 67897,8 100215,7 713695,7 836076,6 823766,6 179830,5 141675,5 201405,5 1059899,5 )
(山西,191499,9 713695,7 353560,7 221663,7 559647,7 936203,6 1059899,6 654894,5 539608,5 15173,5 )
(甘肃,353560,11 107675,7 181387,6 813135,6 28895,5 514725,5 191499,5 28186,5 936203,4 671759,4 )
(宁夏,713695,8 318890,8 783801,6 191499,6 28895,5 67897,5 181387,5 936203,4 655904,4 487805,4 )
(云南,191499,10 1059899,7 655904,5 1010145,5 48664,5 349999,5 413046,4 1043019,4 801860,4 514725,4 )
(澳门,353560,7 1059899,6 936203,6 783997,5 952198,5 191499,5 349999,5 3001,5 713695,4 203050,4 )
(重庆市,191499,8 713695,8 49881,6 936203,6 186456,6 655904,6 483836,5 157763,5 413046,5 179830,5 )
(陕西,191499,9 353560,9 514725,8 221663,7 936203,7 107407,7 1091980,6 28895,6 181387,6 713695,5 )
(河北,191499,9 353560,7 713695,7 213297,6 349999,6 82431,6 67897,5 123138,4 102025,4 671759,4 )
(广西,221663,10 936203,8 889095,7 353560,7 191499,6 773802,5 783997,5 671759,5 676215,5 173776,4 )
(安徽,823766,6 353560,6 186456,6 676215,6 1059899,5 554408,5 636863,5 801860,5 514725,5 100215,5 )
(湖北,81360,7 107407,6 191499,6 655904,5 353560,5 823766,5 147751,5 944554,4 573770,4 315345,4 )
(广东,926069,7 181387,7 110347,6 353560,6 514725,6 1039919,6 191499,6 1059899,6 713695,6 48664,5 )
(江西,191499,11 698879,6 349999,6 107407,6 713695,5 514725,5 181387,5 229233,5 783997,5 676215,5 )
(山东,713695,7 1059899,7 823766,7 221663,6 191499,6 186456,5 783997,5 81901,5 655904,5 28186,5 )
(台湾,191499,8 353560,7 349999,7 1024557,6 315345,6 823766,5 441588,5 944554,5 770668,5 221663,5 )
(北京市,1059899,8 191499,8 944554,6 514725,6 698879,5 492131,4 454937,4 936203,4 823766,4 1016263,4 )
(吉林,1059899,11 191499,8 3001,8 107407,6 353560,6 822352,5 655904,5 1039919,5 855358,4 335720,4 )
(新疆,1059899,10 349999,7 110347,7 353560,7 1106283,5 676215,5 107407,5 315345,5 928498,4 926069,4 )
(上海市,191499,12 353560,10 713695,6 514725,6 1059899,6 67897,5 213297,5 107407,5 1030146,5 926069,5 )
(海南,1059899,10 191499,8 514725,7 353560,7 28895,6 513855,6 448467,4 349999,4 770668,4 81360,4 )
(河南,191499,12 1059899,9 713695,7 353560,6 735931,5 48664,5 203050,5 316514,5 758374,4 221663,4 )
(贵州,179830,6 783997,6 936203,6 343432,5 713695,5 823766,5 191499,5 353560,5 28895,5 335720,4 )
(四川,514725,10 191499,7 209821,6 221663,6 1059899,6 783997,6 328160,5 179830,5 981145,5 181387,5 )
(江苏,191499,10 889095,6 1039919,6 655904,6 181387,6 110347,5 203050,5 272605,5 944554,5 986262,4 )
(西藏,191499,11 353560,8 1059899,7 783997,6 315345,6 936203,5 221663,5 698879,5 713695,5 722301,4 )
(黑龙江,191499,10 823766,7 353560,7 1073932,5 1039919,5 722301,5 783997,5 944554,4 15173,4 272605,4 )
(湖南,191499,9 81901,7 992011,6 353560,5 655904,5 67897,5 1039919,5 181387,5 823766,5 107407,5 )
