(辽宁,1208,121 656,118 177,96 602,89 1401,82 662,82 1213,80 1438,75 1142,73 737,66 )
(天津市,1208,130 656,115 1213,89 602,88 662,82 1142,80 389,75 737,74 177,71 664,67 )
(内蒙古,1208,118 656,105 662,92 602,86 177,81 737,76 1142,73 1401,72 389,70 1611,67 )
(浙江,1208,129 656,112 602,95 177,92 662,89 737,89 664,69 1142,69 1213,66 1401,65 )
(青海,656,122 1208,121 1142,94 1401,92 737,91 602,80 1213,79 662,74 177,74 389,72 )
(香港,656,124 1208,119 602,111 1213,84 389,79 662,77 737,72 1401,70 1142,69 420,65 )
(陕西,1208,138 656,119 602,89 1213,86 177,83 1142,81 662,80 389,75 737,74 1401,73 )
(福建,1208,120 656,116 662,83 177,80 602,76 1213,72 389,72 1142,71 1401,67 737,64 )
(山西,656,123 1208,119 1401,83 602,79 177,78 1213,77 1142,73 664,73 420,72 737,70 )
(甘肃,1208,120 656,104 602,102 177,99 737,86 1213,81 662,80 1553,72 1142,69 389,69 )
(云南,1208,118 656,107 177,95 1142,82 737,80 662,78 602,68 1401,67 1611,66 1553,65 )
(澳门,656,129 1208,117 1213,93 602,87 662,86 177,80 1142,78 737,76 1401,70 1438,69 )
(河北,1208,123 656,122 602,95 662,94 737,83 1213,76 1142,76 1401,68 1553,60 389,58 )
(宁夏,656,130 1208,121 602,113 662,89 737,89 177,85 1213,79 1438,75 1401,74 1142,73 )
(重庆市,1208,117 656,107 1213,94 177,90 602,88 662,83 737,81 1401,76 389,66 1553,65 )
(广西,656,127 1208,113 602,90 737,84 662,82 389,82 1401,82 1142,71 1213,66 1611,60 )
(安徽,656,141 1208,120 602,101 737,85 1213,84 1401,80 662,77 664,68 420,67 1142,66 )
(湖北,656,121 1208,112 1213,89 602,87 737,79 662,77 1401,75 1142,70 177,68 389,65 )
(广东,656,132 1208,118 602,95 1401,87 1213,77 420,77 1142,77 737,75 389,71 662,70 )
(山东,656,121 1208,99 602,97 662,95 389,90 1142,87 177,86 737,85 1401,83 420,74 )
(江西,656,128 1208,126 602,106 737,90 177,90 662,80 1142,78 1213,78 1401,70 389,70 )
(台湾,656,109 602,98 1208,89 1213,88 662,80 389,79 1438,77 1142,75 177,75 737,73 )
(北京市,656,131 602,111 1208,101 177,90 1213,85 737,80 1142,80 1438,77 662,76 1401,75 )
(吉林,656,129 1208,119 602,89 177,89 389,82 737,78 662,75 1438,73 1213,69 664,64 )
(江苏,656,131 1208,131 662,101 602,100 1213,89 737,86 177,78 1438,68 1401,67 1142,66 )
(上海市,656,125 602,108 1208,104 1142,83 177,81 1213,76 1401,75 662,75 737,73 389,72 )
(海南,1208,121 656,107 177,85 1213,82 1401,81 389,78 602,77 662,75 1553,74 664,72 )
(河南,656,145 1208,126 1401,89 602,86 737,85 177,75 1213,74 389,70 898,68 662,68 )
(贵州,1208,126 656,110 602,85 1213,79 1142,77 737,77 389,76 1553,76 662,75 1401,72 )
(四川,656,128 1208,105 602,101 737,94 662,80 420,77 1401,73 1553,71 177,69 389,67 )
(新疆,1208,105 656,104 737,90 662,78 1213,77 177,71 602,70 1401,70 1438,66 389,64 )
(西藏,656,116 1208,100 662,85 389,82 177,82 602,80 1142,76 737,75 1213,74 1438,65 )
(黑龙江,656,129 1208,118 177,91 1213,90 1401,90 602,84 662,82 1142,74 737,71 389,70 )
(湖南,656,135 1213,96 737,95 1208,92 602,92 177,88 1142,85 662,75 389,67 1401,64 )
